[
    {
        "train_loss": [
            0.7664807798345884,
            0.6604054508666197,
            0.5955539598564307,
            0.5670722079157829,
            0.5528775176351269,
            0.524471476105849,
            0.5185581571867068,
            0.5113523554623127,
            0.4975146342769265,
            0.4943753158311049,
            0.485510810705026,
            0.4844777122328679,
            0.4821495907654365,
            0.48203094290097553,
            0.4888198726147413,
            0.4839397684574127,
            0.4810888237396876,
            0.475605007712543,
            0.4821904265006383,
            0.4753091383755207,
            0.47513501934955515,
            0.4772632573639353,
            0.47684705787599085,
            0.4736772698864341,
            0.47634945079584917,
            0.48331398030370476,
            0.4754771769285202,
            0.4741076304281751,
            0.4755637035826842,
            0.4790993471468488,
            0.4725288704489668,
            0.4746770690838496,
            0.47564323277845977,
            0.47398380193660655,
            0.476184149855872,
            0.4711678280154864,
            0.47187277282675105,
            0.475522290717562,
            0.47614869617968797,
            0.4739052509387334,
            0.47383602032313743,
            0.47258212780257064,
            0.4727402833675345,
            0.47234769081920386,
            0.47079522196923695,
            0.472836350864172,
            0.4734166941970587,
            0.4725362353851398,
            0.47376020297979315,
            0.47240341763049365
        ],
        "test_acc": [
            67.51,
            70.83,
            73.04,
            75.11,
            75.47,
            76.63,
            76.79,
            77.56,
            77.57,
            77.85,
            77.83,
            78.08,
            77.87,
            78.41,
            78.27,
            78.07,
            78.17,
            77.97,
            78.22,
            78.15,
            78.23,
            78.22,
            78.45,
            78.23,
            78.72,
            78.48,
            78.53,
            78.34,
            78.33,
            78.18,
            78.48,
            78.46,
            78.79,
            78.55,
            78.16,
            78.79,
            78.16,
            78.2,
            78.56,
            78.62,
            78.37,
            78.37,
            78.4,
            78.72,
            78.54,
            78.73,
            78.43,
            78.76,
            78.6,
            78.38
        ],
        "total_cost": 8008.870150645307
    },
    {
        "train_loss": [
            0.7656464969595274,
            0.664630932961901,
            0.6190160058399041,
            0.5876066581428051,
            0.5577728364154696,
            0.5506065253009399,
            0.5351137930870056,
            0.5325867676834265,
            0.519077425203224,
            0.5138036497195562,
            0.514451599046588,
            0.5052498469725252,
            0.5024363337909182,
            0.5076262629171212,
            0.5008191479360063,
            0.5038594701180855,
            0.49756574946095544,
            0.5013537265434861,
            0.4943098829497894,
            0.5030923935006062,
            0.49344034175028406,
            0.4914162371436755,
            0.492643238645792,
            0.4956659277225534,
            0.49009109043528637,
            0.4918337967266639,
            0.4890266959875822,
            0.49349299597839513,
            0.4907939302360018,
            0.49154008453985054,
            0.4878293348958095,
            0.487132057779779,
            0.4895759792029858,
            0.49084442871411643,
            0.4951963740840554,
            0.48821757750709854,
            0.4878421092617015,
            0.48727501379052796,
            0.4866856740499536,
            0.4861308187981447,
            0.48641230178872746,
            0.4868159903585911,
            0.4878845818350712,
            0.4873755863800645,
            0.48652980382442473,
            0.4864143048927188,
            0.4858418161352476,
            0.48803055479874213,
            0.48453080246994895,
            0.48521733581448595
        ],
        "test_acc": [
            66.92,
            70.62,
            73.43,
            74.25,
            75.11,
            75.6,
            75.94,
            76.68,
            76.89,
            77.07,
            77.25,
            77.15,
            77.43,
            77.01,
            77.32,
            77.25,
            77.42,
            77.32,
            77.75,
            77.89,
            77.62,
            77.73,
            77.79,
            77.88,
            77.63,
            77.83,
            77.93,
            77.8,
            77.88,
            78.02,
            77.78,
            77.98,
            77.85,
            77.71,
            77.91,
            77.89,
            78.3,
            77.74,
            77.83,
            78.05,
            78.17,
            78.0,
            77.76,
            77.99,
            78.06,
            77.83,
            77.88,
            78.15,
            77.87,
            78.51
        ],
        "total_cost": 8136.992948420576
    },
    {
        "train_loss": [
            0.7525016629974047,
            0.6732073756674926,
            0.6048802228649457,
            0.5739386650602023,
            0.5512506691783666,
            0.5389308220505714,
            0.5333333052515984,
            0.5273267927189668,
            0.5256763613770405,
            0.5176703848774235,
            0.5021375698834658,
            0.5050309892157714,
            0.5020777151207129,
            0.5005574560940266,
            0.4994913452019294,
            0.5043563922981421,
            0.5003922184179227,
            0.4961564508572221,
            0.4981598102505008,
            0.49555046997318664,
            0.49470587370693686,
            0.4973914331724246,
            0.4928985238959392,
            0.49456270323097706,
            0.49429547501231236,
            0.4913245490198334,
            0.4930926113178333,
            0.49361635653823616,
            0.49322302754869063,
            0.4921814445351561,
            0.4910266584292054,
            0.4943165176053842,
            0.492206293134888,
            0.4923267144272725,
            0.4909274758597215,
            0.48742050019999345,
            0.48958148320913314,
            0.4935708987727761,
            0.48894155129988986,
            0.4935444319744905,
            0.4902554149111112,
            0.4903321428169807,
            0.49283078983326756,
            0.4909394451280435,
            0.4941249951655666,
            0.4896747313176592,
            0.4910404407545924,
            0.49400430879816415,
            0.49030695479313535,
            0.4908900529781977
        ],
        "test_acc": [
            67.27,
            71.28,
            73.32,
            74.44,
            75.38,
            75.99,
            76.51,
            76.86,
            77.0,
            76.82,
            77.15,
            77.32,
            77.58,
            77.54,
            77.0,
            77.34,
            77.82,
            77.82,
            77.78,
            77.55,
            77.25,
            78.04,
            77.6,
            77.76,
            77.7,
            78.07,
            77.67,
            77.44,
            78.27,
            78.08,
            77.9,
            78.21,
            77.6,
            78.13,
            78.03,
            77.73,
            78.74,
            78.32,
            78.08,
            77.59,
            78.12,
            78.55,
            78.41,
            78.25,
            78.17,
            78.23,
            78.1,
            77.77,
            77.9,
            77.91
        ],
        "total_cost": 5741.809020996094
    }
]