[
    {
        "train_loss": [
            0.5776002763589223,
            0.4889192712863286,
            0.42336289178828396,
            0.3994363440205653,
            0.3755937257210414,
            0.3620830876504382,
            0.3481125310540199,
            0.3412507176655034,
            0.33520623795886834,
            0.3272148867957294,
            0.3252906181267152,
            0.3196509674310684,
            0.3163777122127513,
            0.313523787321647,
            0.312124767171219,
            0.3106440631854037,
            0.3089564642727375,
            0.3067537257436663,
            0.30428292212833963,
            0.30681396098906794,
            0.3021227147772908,
            0.3007379342716187,
            0.300871330372865,
            0.3011180343101422,
            0.2999911249610285,
            0.2985379422767709,
            0.2988240602945288,
            0.29770161144336066,
            0.29627345208860933,
            0.29779017207125824,
            0.29772363285049797,
            0.2963049619540572,
            0.297283860465015,
            0.2954152838942905,
            0.2965273589183266,
            0.2951491934542855,
            0.2942544239324828,
            0.2944644287793587,
            0.29429952002614734,
            0.29570271235803763,
            0.29433364736487466,
            0.2930534406820933,
            0.29526946637555956,
            0.29515757938896614,
            0.2955773574366545,
            0.29427004565149545,
            0.29352079717690743,
            0.2921169899612665,
            0.29317954353317616,
            0.2944120228860527
        ],
        "test_acc": [
            72.39,
            76.26,
            78.85,
            79.65,
            80.6,
            80.93,
            81.29,
            81.52,
            81.93,
            82.22,
            81.96,
            82.31,
            82.41,
            82.36,
            82.87,
            82.74,
            82.78,
            83.07,
            83.13,
            82.84,
            83.12,
            83.0,
            83.08,
            83.08,
            83.05,
            83.28,
            83.3,
            83.37,
            82.89,
            83.19,
            83.22,
            83.45,
            83.1,
            82.84,
            83.2,
            83.02,
            83.55,
            83.16,
            83.04,
            83.5,
            83.28,
            83.27,
            83.08,
            83.0,
            83.24,
            83.03,
            83.37,
            83.1,
            82.92,
            83.06
        ],
        "total_cost": 146275.9653224945
    },
    {
        "train_loss": [
            0.5949838326851526,
            0.49828945401410263,
            0.43858454008897146,
            0.40864548890988034,
            0.38271497561285894,
            0.36772164426644643,
            0.3565506653433045,
            0.34401170670191444,
            0.33853718443562586,
            0.33286053749000033,
            0.3260110480497281,
            0.32479142369031905,
            0.317581496470049,
            0.315699094098558,
            0.31408956632763146,
            0.309471311104546,
            0.3058887683212757,
            0.30533422322422266,
            0.3047086325136324,
            0.3041178265221417,
            0.30358996733427046,
            0.29929025856784236,
            0.29671209786136943,
            0.29822102758263547,
            0.298415257597963,
            0.29754641764437156,
            0.29676609857752917,
            0.29535480691244204,
            0.29487599190796415,
            0.29321352451369165,
            0.2949167716037482,
            0.29481080814016364,
            0.2940844895020127,
            0.2943178854537507,
            0.2936622442064186,
            0.29252030714998645,
            0.2933685349754989,
            0.2910188938709597,
            0.2921934717747072,
            0.290765411738803,
            0.2923025617537399,
            0.29286107952495416,
            0.2927129417526225,
            0.2911546473786235,
            0.29218272264003753,
            0.2928979696874817,
            0.29243866428720455,
            0.2931928528750936,
            0.2910366681613028,
            0.2897658853648851
        ],
        "test_acc": [
            71.82,
            75.8,
            78.37,
            79.65,
            80.03,
            80.79,
            81.11,
            81.78,
            82.08,
            82.02,
            82.47,
            82.46,
            82.76,
            82.4,
            82.79,
            83.08,
            82.91,
            83.04,
            82.98,
            82.93,
            82.94,
            83.39,
            83.47,
            83.2,
            83.29,
            83.18,
            83.14,
            83.38,
            83.33,
            83.36,
            83.3,
            83.39,
            83.37,
            83.45,
            83.32,
            83.4,
            83.22,
            83.39,
            83.6,
            83.48,
            83.21,
            83.27,
            83.58,
            83.2,
            83.51,
            82.9,
            83.68,
            83.43,
            83.32,
            83.25
        ],
        "total_cost": 124567.55060119629
    }
]