[
    {
        "train_loss": [
            1.3926127934296926,
            0.8170887908736865,
            0.6970583640615146,
            0.6572159584065278,
            0.6378518973747889,
            0.6076789807120959,
            0.5909391150703033,
            0.5753420511444409,
            0.5660825846910477,
            0.5570263736963272,
            0.5534673904061318,
            0.5368825391660134,
            0.5326581296583017,
            0.5268325142264366,
            0.5213677270531655,
            0.5183835968881846,
            0.5127209894835949,
            0.5083294332524141,
            0.5037417274167141,
            0.5030218070705732,
            0.4998562487234672,
            0.4972304744462172,
            0.49443145579099657,
            0.4948942254443963,
            0.49235859210987887,
            0.488180978128314,
            0.48657840751508874,
            0.4863296725690365,
            0.4845132660329342,
            0.4821772743523121,
            0.48325761542518936,
            0.48256888164480527,
            0.48156919398605824,
            0.4817191350479921,
            0.47966757340828575,
            0.47890313331484796,
            0.47921935742596783,
            0.4790008756875992,
            0.4773935534755389,
            0.4764228264262279,
            0.4759051497752468,
            0.4775164262115955,
            0.4745369264950355,
            0.47658147326161465,
            0.47598920694688956,
            0.4753260910242796,
            0.4737129873673121,
            0.47495373350580533,
            0.4753427530730764,
            0.4760758221218983
        ],
        "test_acc": [
            48.25,
            64.08,
            67.89,
            68.52,
            69.62,
            71.42,
            71.16,
            72.13,
            72.38,
            72.41,
            72.71,
            73.19,
            73.21,
            74.03,
            73.86,
            74.11,
            74.11,
            74.03,
            74.43,
            74.67,
            74.47,
            74.82,
            75.06,
            74.87,
            75.25,
            75.22,
            75.23,
            75.22,
            74.79,
            75.1,
            74.96,
            75.17,
            75.11,
            75.4,
            75.62,
            75.38,
            75.27,
            75.23,
            75.7,
            75.26,
            75.41,
            75.56,
            75.57,
            75.25,
            75.41,
            75.4,
            75.37,
            75.85,
            75.5,
            75.43
        ],
        "total_cost": 7142.895795822144
    },
    {
        "train_loss": [
            2.3027843850453693,
            2.3026292020161945,
            2.302718328412374,
            2.3025569931666054,
            2.3026654751459756,
            2.302707304954529,
            2.3026711691538493,
            2.302725055948893,
            2.302725808461507,
            2.302547051938375,
            2.302592174466451,
            2.302689145406087,
            2.3026771425882977,
            2.3026312629699706,
            2.302659643872579,
            2.30269551041921,
            2.3026892436981203,
            2.302668885866801,
            2.3025744028727213,
            2.3026332202275595,
            2.3026182363510133,
            2.3025854581197103,
            2.3026548913319904,
            2.302657466252645,
            2.3026294921875,
            2.302583431561788,
            2.302689879989624,
            2.3026339462916057,
            2.3026509183247885,
            2.3025871214548745,
            2.302654989941915,
            2.302721710586548,
            2.3026352562586467,
            2.3026485148111977,
            2.3026347564061482,
            2.3026050462086993,
            2.302638435872396,
            2.3026527248382567,
            2.302597817293803,
            2.3026231988906862,
            2.302638843091329,
            2.302605858929952,
            2.302612970670064,
            2.3027067974090576,
            2.3026195770899456,
            2.302540699704488,
            2.302667306391398,
            2.302625344022115,
            2.3026378300348918,
            2.3026809359232585
        ],
        "test_acc": [
            4.890000000000001,
            5.130000000000001,
            4.8100000000000005,
            5.199999999999999,
            5.07,
            5.33,
            4.91,
            5.3100000000000005,
            4.91,
            5.01,
            5.52,
            4.68,
            4.75,
            4.960000000000001,
            5.08,
            4.949999999999999,
            5.07,
            5.01,
            4.859999999999999,
            5.4399999999999995,
            4.83,
            4.82,
            4.720000000000001,
            4.359999999999999,
            4.65,
            4.48,
            5.039999999999999,
            5.09,
            4.5,
            4.65,
            4.890000000000001,
            5.09,
            4.76,
            5.140000000000001,
            5.039999999999999,
            5.16,
            4.949999999999999,
            5.1,
            5.119999999999999,
            5.08,
            4.6899999999999995,
            4.800000000000001,
            5.380000000000001,
            4.74,
            4.970000000000001,
            5.039999999999999,
            4.98,
            4.59,
            5.539999999999999,
            4.949999999999999
        ],
        "total_cost": 7021.564701461792
    }
]